-11.930000,3.120000
-11.930000,3.090000
-10.470000,6.550000
-11.120000,4.390000
-11.010000,5.320000
-11.160000,5.850000
-10.660000,5.330000
-10.640000,5.010000
-10.280000,4.760000
2.480000,-10.010000
0.940000,-11.860000
-7.630000,-8.310000
-6.040000,-10.170000
-4.990000,-10.400000
-4.130000,-8.220000
-6.100000,-8.410000
0.850000,-11.460000
-7.100000,-0.890000
-6.940000,-0.560000
3.080000,10.480000
2.820000,-7.580000
-7.900000,-7.820000
-3.180000,-3.540000
-2.580000,-8.720000
-0.020000,7.970000
-2.540000,-8.760000
-7.480000,-1.530000
-3.690000,1.140000
-6.540000,-0.830000
3.090000,10.470000
2.070000,-6.420000
-6.580000,-7.660000
0.940000,-10.150000
-3.340000,-7.980000
0.490000,8.080000
1.210000,-9.540000
-6.640000,-7.540000
-1.930000,-5.740000
0.470000,-9.590000
-7.610000,-5.690000
2.500000,-8.490000
-2.950000,-5.350000
-3.080000,-5.880000
1.310000,-8.770000
-2.040000,-4.420000
-7.210000,-5.100000
7.120000,7.380000
-2.510000,5.470000
0.500000,-7.780000
-0.190000,7.780000
-5.080000,-6.420000
-2.220000,4.860000
-5.270000,-1.040000
-3.420000,-6.470000
-4.360000,4.400000
-5.300000,-4.000000
0.150000,-4.980000
-5.040000,-1.110000
-0.650000,-1.700000
-2.370000,1.300000
-1.820000,-1.740000
4.670000,-5.180000
-1.560000,-1.500000
0.730000,5.320000
-5.660000,-6.030000
-2.640000,3.750000
-0.240000,0.310000
2.210000,-4.160000
2.140000,6.310000
1.280000,2.900000
-3.450000,3.920000
-1.700000,-0.600000
-1.770000,0.750000
4.330000,-4.840000
-2.990000,3.340000
-5.480000,2.420000
-0.310000,1.300000
-0.700000,-3.370000
-3.820000,-0.950000
-1.670000,1.850000
0.620000,-1.930000
-3.810000,-1.160000
1.600000,4.620000
2.090000,0.920000
0.960000,-2.230000
5.320000,-4.660000
4.440000,-4.250000
1.050000,5.900000
2.720000,5.600000
-5.300000,-5.270000
2.100000,5.140000
2.010000,1.230000
10.050000,0.200000
7.390000,-3.050000
2.750000,-2.440000
0.900000,-0.820000
-1.560000,3.050000
3.870000,-0.940000
1.030000,-2.750000
3.090000,0.910000
2.590000,2.780000
0.250000,1.730000
6.550000,-1.180000
2.790000,4.250000
3.080000,3.000000
3.220000,2.220000
2.840000,-1.650000
1.880000,4.400000
5.770000,-0.570000
5.060000,-3.570000
-0.320000,3.170000
2.120000,-1.570000
4.150000,-2.830000
3.630000,-0.500000
4.470000,-3.130000
7.320000,-0.980000
9.130000,1.170000
7.720000,-1.090000
8.770000,-1.220000
7.540000,4.460000
1.830000,-0.350000
5.410000,4.530000
4.500000,0.890000
5.020000,-0.260000
4.820000,3.920000
4.660000,2.220000
5.250000,-1.390000
7.970000,2.810000
5.440000,0.600000
4.750000,1.640000
4.900000,3.390000
6.940000,0.370000
6.360000,2.410000
5.400000,1.560000
7.360000,2.420000
8.170000,1.160000
6.780000,3.700000
6.520000,2.820000
6.720000,1.600000
6.860000,1.380000
7.880000,0.350000
